[2854762240][1][4][/text/html/0.html][6280]
[3299575552][1][5][/text/html/0.html][6280]
[2930296576][1][6][/text/html/0.html][6280]
[3140114176][1][4][/text/html/1.html][6280]
[3232433920][1][5][/text/html/2.html][6280]
[3207255808][1][4][/text/html/2.html][6280]
[2913511168][1][5][/text/html/1.html][6280]
[3081365248][1][4][/text/html/1.html][6280]
[3349931776][1][5][/text/html/2.html][6280]
[2754049792][1][4][/text/html/3.html][6280]
[3459036928][1][5][/text/html/3.html][6280]
[2913511168][2][4][/text/html/3.html][6280]
[3358324480][1][5][/text/html/3.html][6280]
[3568142080][1][6][/text/html/3.html][6280]
[3475822336][1][4][/text/html/3.html][6280]
[3375109888][1][5][/text/html/4.html][6280]
[3400288000][1][4][/text/html/5.html][6280]
[3031009024][1][5][/text/html/5.html][6280]
[3358324480][2][4][/text/html/4.html][6280]
[3450644224][1][5][/text/html/4.html][6280]
[2921903872][1][6][/text/html/5.html][6280]
[3072972544][1][4][/text/html/6.html][6280]
[2787620608][1][5][/text/html/6.html][6280]
[2972260096][1][4][/text/html/6.html][6280]
[2879940352][1][5][/text/html/6.html][6280]
[2770835200][1][4][/text/html/6.html][6280]
[3433858816][1][5][/text/html/6.html][6280]
[3047794432][1][6][/text/html/7.html][6280]
[3333146368][1][4][/text/html/8.html][6280]
[2837976832][1][5][/text/html/8.html][6280]
[2737264384][1][4][/text/html/7.html][6280]
[3442251520][1][5][/text/html/7.html][6280]
[3039401728][1][4][/text/html/8.html][6280]
[2879940352][2][5][/text/html/9.html][6280]
[3442251520][2][4][/text/html/9.html][6280]
[3190470400][1][5][/text/html/9.html][6280]
[2896725760][1][4][/text/html/9.html][6280]
[2837976832][2][5][/text/html/9.html][6280]
[3182077696][1][4][/text/html/9.html][6280]
[3492607744][1][5][/text/html/10.html][6280]
[3526178560][1][4][/text/html/11.html][6280]
[3031009024][2][5][/text/html/11.html][6280]
[3383502592][1][4][/text/html/10.html][6280]
[3005830912][1][5][/text/html/10.html][6280]
[3282790144][1][4][/text/html/11.html][6280]
[2796013312][1][5][/text/html/12.html][6280]
[3307968256][1][4][/text/html/12.html][6280]
[3173684992][1][5][/text/html/12.html][6280]
[3190470400][2][4][/text/html/12.html][6280]
[3291182848][1][5][/text/html/12.html][6280]
[3450644224][2][4][/text/html/12.html][6280]
[3148506880][1][5][/text/html/13.html][6280]
[3425466112][1][4][/text/html/14.html][6280]
[3333146368][2][5][/text/html/14.html][6280]
[3257612032][1][4][/text/html/13.html][6280]
[2787620608][2][5][/text/html/13.html][6280]
[3534571264][1][4][/text/html/14.html][6280]
[3526178560][2][5][/text/html/15.html][6280]
[3400288000][2][4][/text/html/15.html][6280]
[3568142080][2][5][/text/html/15.html][6280]
[2812798720][1][4][/text/html/15.html][6280]
[3366717184][1][5][/text/html/15.html][6280]
[3047794432][2][4][/text/html/15.html][6280]
[2787620608][3][5][/text/html/16.html][6280]
[2972260096][2][4][/text/html/17.html][6280]
[3039401728][2][5][/text/html/17.html][6280]
[3047794432][3][6][/text/html/16.html][6280]
[2796013312][2][4][/text/html/16.html][6280]
[3383502592][2][5][/text/html/17.html][6280]
[3391895296][1][4][/text/html/18.html][6280]
[3249219328][1][5][/text/html/18.html][6280]
[3559749376][1][4][/text/html/18.html][6280]
[3005830912][2][5][/text/html/18.html][6280]
[2863154944][1][4][/text/html/18.html][6280]
[3316360960][1][5][/text/html/18.html][6280]
[2754049792][2][4][/text/html/19.html][6280]
[2972260096][3][6][/text/html/20.html][6280]
[3047794432][4][4][/text/html/20.html][6280]
[3450644224][3][6][/text/html/19.html][6280]
[3391895296][2][4][/text/html/19.html][6280]
[3156899584][1][5][/text/html/20.html][6280]
[3173684992][2][4][/text/html/21.html][6280]
[3022616320][1][5][/text/html/21.html][6280]
[2854762240][2][4][/text/html/21.html][6280]
[2896725760][2][5][/text/html/21.html][6280]
[3123328768][1][4][/text/html/21.html][6280]
[3324753664][1][5][/text/html/21.html][6280]
[3559749376][2][4][/text/html/22.html][6280]
[3198863104][1][5][/text/html/23.html][6280]
[3542963968][1][4][/text/html/23.html][6280]
[2779227904][1][5][/text/html/22.html][6280]
[3190470400][3][4][/text/html/22.html][6280]
[3240826624][1][5][/text/html/23.html][6280]
[3366717184][2][4][/text/html/24.html][6280]
[2972260096][4][5][/text/html/24.html][6280]
[2812798720][2][4][/text/html/24.html][6280]
[3098150656][1][5][/text/html/24.html][6280]
[3098150656][2][4][/text/html/24.html][6280]
[2821191424][1][5][/text/html/24.html][6280]
[3089757952][1][4][/text/html/25.html][6280]
[3349931776][2][5][/text/plain/34.txt][139]
[3232433920][2][4][/text/plain/33.txt][139]
[3131721472][1][5][/text/plain/33.txt][139]
[3358324480][3][4][/text/plain/33.txt][139]
[2938689280][1][5][/text/plain/32.txt][139]
[3106543360][1][4][/text/plain/31.txt][139]
[2846369536][1][5][/text/plain/31.txt][139]
[2879940352][3][6][/text/plain/30.txt][139]
[2997438208][1][4][/text/plain/30.txt][139]
[3114936064][1][5][/text/plain/30.txt][139]
[2938689280][2][4][/text/plain/30.txt][139]
[2837976832][3][5][/text/plain/30.txt][139]
[3282790144][2][4][/text/plain/30.txt][139]
[2921903872][2][5][/text/plain/29.txt][139]
[3207255808][2][4][/text/plain/29.txt][139]
[3341539072][1][5][/text/plain/28.txt][139]
[2737264384][2][4][/text/plain/27.txt][139]
[3056187136][1][5][/text/plain/27.txt][139]
[3014223616][1][4][/text/plain/27.txt][139]
[3366717184][3][5][/text/plain/26.txt][139]
[2821191424][2][4][/text/plain/27.txt][139]
[3022616320][2][5][/text/plain/27.txt][139]
[2745657088][1][4][/text/plain/26.txt][139]
[2812798720][3][5][/text/plain/26.txt][139]
[3089757952][2][4][/text/plain/26.txt][139]
[3425466112][2][5][/text/plain/24.txt][139]
[3450644224][4][4][/text/plain/24.txt][139]
[3207255808][3][5][/text/plain/24.txt][139]
[3349931776][3][4][/text/plain/23.txt][139]
[3425466112][3][5][/text/plain/23.txt][139]
[3341539072][2][4][/text/plain/24.txt][139]
[2787620608][4][5][/text/plain/23.txt][139]
[2980652800][1][4][/text/plain/23.txt][139]
[2863154944][2][5][/text/plain/23.txt][139]
[3417073408][1][4][/text/plain/22.txt][139]
[3433858816][2][5][/text/plain/21.txt][139]
[3232433920][3][4][/text/plain/21.txt][139]
[3349931776][4][5][/text/plain/20.txt][139]
[3324753664][2][4][/text/plain/20.txt][139]
[2972260096][5][5][/text/plain/20.txt][139]
[2930296576][2][4][/text/plain/20.txt][139]
[3140114176][2][5][/text/plain/20.txt][139]
[3517785856][1][4][/text/plain/20.txt][139]
[2905118464][1][5][/text/plain/19.txt][139]
[3190470400][4][4][/text/plain/19.txt][139]
[2905118464][2][5][/text/plain/18.txt][139]
[2896725760][3][4][/text/plain/17.txt][139]
[3014223616][2][5][/text/plain/17.txt][139]
[2770835200][2][4][/text/plain/17.txt][139]
[3056187136][2][5][/text/plain/16.txt][139]
[2905118464][3][4][/text/plain/17.txt][139]
[2779227904][2][5][/text/plain/17.txt][139]
[2997438208][2][4][/text/plain/16.txt][139]
[2980652800][2][5][/text/plain/16.txt][139]
[2913511168][3][4][/text/plain/16.txt][139]
[2938689280][3][5][/text/plain/14.txt][139]
[3207255808][4][4][/text/plain/14.txt][139]
[3106543360][2][5][/text/plain/14.txt][139]
[3148506880][2][4][/text/plain/13.txt][139]
[2963867392][1][5][/text/plain/13.txt][139]
[3207255808][5][4][/text/plain/14.txt][139]
[2854762240][3][5][/text/plain/13.txt][139]
[3568142080][3][4][/text/plain/13.txt][139]
[3156899584][2][5][/text/plain/13.txt][139]
[2989045504][1][4][/text/plain/12.txt][139]
[3517785856][2][5][/text/plain/11.txt][139]
[3333146368][3][4][/text/plain/11.txt][139]
[2989045504][2][5][/text/plain/10.txt][139]
[3207255808][6][4][/text/plain/10.txt][139]
[3299575552][2][5][/text/plain/10.txt][139]
[3341539072][3][4][/text/plain/10.txt][139]
[2896725760][4][5][/text/plain/10.txt][139]
[3131721472][2][4][/text/plain/10.txt][139]
[3140114176][3][5][/text/plain/9.txt][139]
[2921903872][3][4][/text/plain/9.txt][139]
[2804406016][1][5][/text/plain/8.txt][139]
[3358324480][4][4][/text/plain/7.txt][139]
[2938689280][4][5][/text/plain/7.txt][139]
[2762442496][1][6][/text/plain/7.txt][139]
[3551356672][1][4][/text/plain/6.txt][139]
[2921903872][4][5][/text/plain/7.txt][139]
[3433858816][3][6][/text/plain/7.txt][139]
[3224041216][1][4][/text/plain/6.txt][139]
[2888333056][1][5][/text/plain/6.txt][139]
[3542963968][2][4][/text/plain/6.txt][139]
[3224041216][2][5][/text/plain/4.txt][139]
[3442251520][3][4][/text/plain/4.txt][139]
[3501000448][1][5][/text/plain/4.txt][139]
[2963867392][2][4][/text/plain/3.txt][139]
[3064579840][1][5][/text/plain/3.txt][139]
[3215648512][1][4][/text/plain/4.txt][139]
[3383502592][3][5][/text/plain/3.txt][139]
[2955474688][1][4][/text/plain/3.txt][139]
[3408680704][1][5][/text/plain/3.txt][139]
[2796013312][3][4][/text/plain/2.txt][139]
[3156899584][3][5][/text/plain/1.txt][139]
[3106543360][3][4][/text/plain/1.txt][139]
[3022616320][3][5][/text/plain/0.txt][139]
[2745657088][2][4][/text/plain/0.txt][139]
[3123328768][2][5][/text/plain/0.txt][139]
[3366717184][4][4][/image/gif/23.gif][72507]
[2930296576][3][5][/image/gif/22.gif][72507]
[2888333056][2][4][/image/gif/21.gif][72507]
[3257612032][2][5][/image/gif/20.gif][72507]
[3400288000][3][4][/image/gif/19.gif][72507]
[3047794432][5][5][/image/gif/22.gif][72507]
[2863154944][3][4][/image/gif/21.gif][72507]
[2913511168][4][5][/image/gif/20.gif][72507]
[3534571264][2][4][/image/gif/19.gif][72507]
[2863154944][4][5][/image/gif/18.gif][72507]
[2821191424][3][4][/image/gif/21.gif][72507]
[3501000448][2][5][/image/gif/20.gif][72507]
[3400288000][4][4][/image/gif/19.gif][72507]
[3459036928][2][5][/image/gif/18.gif][72507]
[3190470400][5][4][/image/gif/17.gif][72507]
[3207255808][7][5][/image/gif/20.gif][72507]
[3341539072][4][4][/image/gif/19.gif][72507]
[3047794432][6][6][/image/gif/18.gif][72507]
[3257612032][3][4][/image/gif/17.gif][72507]
[2846369536][2][5][/image/gif/16.gif][72507]
[3425466112][4][4][/image/gif/19.gif][72507]
[2905118464][4][5][/image/gif/18.gif][72507]
[3064579840][2][4][/image/gif/17.gif][72507]
[3459036928][3][5][/image/gif/16.gif][72507]
[2921903872][5][4][/image/gif/15.gif][72507]
[3047794432][7][5][/image/gif/18.gif][72507]
[2955474688][2][4][/image/gif/17.gif][72507]
[3400288000][5][5][/image/gif/16.gif][72507]
[2930296576][4][4][/image/gif/15.gif][72507]
[2762442496][2][5][/image/gif/14.gif][72507]
[2997438208][3][4][/image/gif/17.gif][72507]
[3232433920][4][5][/image/gif/16.gif][72507]
[3014223616][3][4][/image/gif/15.gif][72507]
[3039401728][3][5][/image/gif/14.gif][72507]
[3307968256][2][4][/image/gif/13.gif][72507]
[3072972544][2][5][/image/gif/16.gif][72507]
[2804406016][2][4][/image/gif/15.gif][72507]
[2854762240][4][5][/image/gif/14.gif][72507]
[3072972544][3][4][/image/gif/13.gif][72507]
[3266004736][1][5][/image/gif/12.gif][72507]
[3333146368][4][4][/image/gif/15.gif][72507]
[2796013312][4][5][/image/gif/14.gif][72507]
[3148506880][3][4][/image/gif/13.gif][72507]
[2930296576][5][5][/image/gif/12.gif][72507]
[3148506880][4][4][/image/gif/11.gif][72507]
[2779227904][3][5][/image/gif/14.gif][72507]
[2947081984][1][4][/image/gif/13.gif][72507]
[3568142080][4][5][/image/gif/12.gif][72507]
[3291182848][2][4][/image/gif/11.gif][72507]
[3492607744][2][5][/image/gif/10.gif][72507]
[2770835200][3][6][/image/gif/13.gif][72507]
[2812798720][4][4][/image/gif/12.gif][72507]
[2955474688][3][5][/image/gif/11.gif][72507]
[3425466112][5][4][/image/gif/10.gif][72507]
[3207255808][8][5][/image/gif/9.gif][72507]
[3484215040][1][6][/image/gif/12.gif][72507]
[2955474688][4][4][/image/gif/11.gif][72507]
[2737264384][3][5][/image/gif/10.gif][72507]
[3408680704][2][4][/image/gif/9.gif][72507]
[2787620608][5][5][/image/gif/8.gif][72507]
[3081365248][2][4][/image/gif/11.gif][72507]
[2963867392][3][5][/image/gif/10.gif][72507]
[3123328768][3][4][/image/gif/9.gif][72507]
[2737264384][4][5][/image/gif/8.gif][72507]
[2846369536][3][4][/image/gif/7.gif][72507]
[3031009024][3][5][/image/gif/10.gif][72507]
[2871547648][1][4][/image/gif/9.gif][72507]
[3031009024][4][5][/image/gif/8.gif][72507]
[3299575552][3][4][/image/gif/7.gif][72507]
[2947081984][2][5][/image/gif/6.gif][72507]
[3324753664][3][4][/image/gif/9.gif][72507]
[3098150656][3][5][/image/gif/8.gif][72507]
[3517785856][3][4][/image/gif/7.gif][72507]
[3072972544][4][5][/image/gif/6.gif][72507]
[3475822336][2][4][/image/gif/5.gif][72507]
[3282790144][3][5][/image/gif/8.gif][72507]
[3165292288][1][4][/image/gif/7.gif][72507]
[3106543360][4][5][/image/gif/6.gif][72507]
[3526178560][3][4][/image/gif/5.gif][72507]
[3031009024][5][5][/image/gif/4.gif][72507]
[3064579840][3][6][/image/gif/7.gif][72507]
[3299575552][4][4][/image/gif/6.gif][72507]
[3299575552][5][5][/image/gif/5.gif][72507]
[3022616320][4][4][/image/gif/4.gif][72507]
[3291182848][3][5][/image/gif/3.gif][72507]
[3391895296][3][4][/image/gif/6.gif][72507]
[3475822336][3][5][/image/gif/5.gif][72507]
[3207255808][9][4][/image/gif/4.gif][72507]
[3383502592][4][5][/image/gif/3.gif][72507]
[3156899584][4][4][/image/gif/2.gif][72507]
[2947081984][3][5][/image/gif/5.gif][72507]
[3022616320][5][4][/image/gif/4.gif][72507]
[3072972544][5][5][/image/gif/3.gif][72507]
[3249219328][2][4][/image/gif/2.gif][72507]
[3282790144][4][5][/image/gif/1.gif][72507]
[3131721472][3][4][/image/gif/4.gif][72507]
[3232433920][5][5][/image/gif/3.gif][72507]
[2754049792][3][4][/image/gif/2.gif][72507]
[2896725760][5][5][/image/gif/1.gif][72507]
[2796013312][5][4][/image/gif/0.gif][72507]
[2896725760][6][5][/image/jpg/0.jpg][17772]
[3408680704][3][4][/image/jpg/0.jpg][17772]
[2972260096][6][5][/image/jpg/0.jpg][17772]
[3207255808][10][4][/image/jpg/1.jpg][17772]
[3207255808][11][5][/image/jpg/2.jpg][17772]
[3123328768][4][4][/image/jpg/2.jpg][17772]
[2846369536][4][5][/image/jpg/3.jpg][17772]
[3559749376][3][4][/image/jpg/3.jpg][17772]
[3266004736][2][5][/image/jpg/4.jpg][17772]
[3349931776][5][4][/image/jpg/5.jpg][17772]
[3005830912][3][5][/image/jpg/5.jpg][17772]
[3475822336][4][4][/image/jpg/5.jpg][17772]
[3324753664][4][5][/image/jpg/7.jpg][17772]
[2854762240][5][4][/image/jpg/7.jpg][17772]
[3232433920][6][5][/image/jpg/7.jpg][17772]
[3198863104][2][4][/image/jpg/8.jpg][17772]
[3333146368][5][5][/image/jpg/9.jpg][17772]
[3014223616][4][4][/image/jpg/9.jpg][17772]
[2804406016][3][5][/image/jpg/10.jpg][17772]
[2821191424][4][4][/image/jpg/10.jpg][17772]
[3291182848][4][5][/image/jpg/11.jpg][17772]
[3274397440][1][4][/image/jpg/5.jpg][17772]
[2737264384][5][5][/image/jpg/5.jpg][17772]
[2854762240][6][4][/image/jpg/5.jpg][17772]
[3098150656][4][5][/image/jpg/7.jpg][17772]
[2930296576][6][4][/image/jpg/7.jpg][17772]
[3484215040][2][5][/image/jpg/7.jpg][17772]
[3266004736][3][4][/image/jpg/8.jpg][17772]
[3425466112][6][5][/image/jpg/9.jpg][17772]
[3358324480][5][4][/image/jpg/9.jpg][17772]
[3173684992][3][5][/image/jpg/10.jpg][17772]
[3484215040][3][4][/image/jpg/10.jpg][17772]
[2871547648][2][5][/image/jpg/11.jpg][17772]
[3148506880][5][4][/image/jpg/12.jpg][17772]
[2854762240][7][5][/image/jpg/12.jpg][17772]
[2921903872][6][4][/image/jpg/12.jpg][17772]
[3299575552][6][5][/image/jpg/14.jpg][17772]
[3484215040][4][4][/image/jpg/14.jpg][17772]
[3072972544][6][5][/image/jpg/14.jpg][17772]
[2955474688][5][4][/image/jpg/15.jpg][17772]
[3509393152][1][5][/image/jpg/16.jpg][17772]
[3349931776][6][4][/image/jpg/16.jpg][17772]
[2796013312][6][5][/image/jpg/10.jpg][17772]
[2930296576][7][4][/image/jpg/10.jpg][17772]
[3266004736][4][5][/image/jpg/11.jpg][17772]
[2972260096][7][4][/image/jpg/12.jpg][17772]
[2989045504][3][5][/image/jpg/12.jpg][17772]
[2846369536][5][4][/image/jpg/12.jpg][17772]
[2938689280][5][5][/image/jpg/14.jpg][17772]
[3022616320][6][4][/image/jpg/14.jpg][17772]
[3509393152][2][5][/image/jpg/14.jpg][17772]
[3106543360][5][4][/image/jpg/15.jpg][17772]
[3014223616][5][5][/image/jpg/16.jpg][17772]
[3559749376][4][4][/image/jpg/16.jpg][17772]
[2955474688][6][5][/image/jpg/17.jpg][17772]
[3266004736][5][4][/image/jpg/17.jpg][17772]
[3266004736][6][6][/image/jpg/18.jpg][17772]
[2745657088][3][5][/image/jpg/19.jpg][17772]
[3433858816][4][4][/image/jpg/19.jpg][17772]
[3383502592][5][5][/image/jpg/19.jpg][17772]
[3106543360][6][4][/image/jpg/21.jpg][17772]
[3114936064][2][5][/image/jpg/21.jpg][17772]
[3098150656][5][4][/image/jpg/21.jpg][17772]
[3501000448][3][5][/image/jpg/15.jpg][17772]
[3140114176][4][4][/image/jpg/16.jpg][17772]
[3148506880][6][5][/image/jpg/16.jpg][17772]
[2938689280][6][4][/image/jpg/17.jpg][17772]
[3106543360][7][5][/image/jpg/17.jpg][17772]
[3442251520][4][4][/image/jpg/18.jpg][17772]
[2863154944][5][5][/image/jpg/19.jpg][17772]
[3039401728][4][4][/image/jpg/19.jpg][17772]
[2804406016][4][5][/image/jpg/19.jpg][17772]
[3022616320][7][4][/image/jpg/21.jpg][17772]
[3165292288][2][5][/image/jpg/21.jpg][17772]
[2913511168][5][4][/image/jpg/21.jpg][17772]
[3333146368][6][5][/image/jpg/22.jpg][17772]
[3534571264][3][4][/image/jpg/23.jpg][17772]
[2837976832][4][5][/image/jpg/23.jpg][17772]
[3492607744][3][4][/image/jpg/24.jpg][17772]
[2812798720][5][5][/image/jpg/24.jpg][17772]
[2921903872][7][4][/image/jpg/25.jpg][17772]
[3542963968][3][5][/image/jpg/26.jpg][17772]
[3081365248][3][4][/image/jpg/26.jpg][17772]
[3501000448][4][5][/image/jpg/26.jpg][17772]
[2980652800][3][4][/image/jpg/21.jpg][17772]
[3031009024][6][5][/image/jpg/21.jpg][17772]
[3014223616][6][4][/image/jpg/21.jpg][17772]
[3492607744][4][5][/image/jpg/22.jpg][17772]
[3148506880][7][4][/image/jpg/23.jpg][17772]
[3459036928][4][5][/image/jpg/23.jpg][17772]
[3182077696][2][4][/image/jpg/24.jpg][17772]
[2745657088][4][5][/image/jpg/24.jpg][17772]
[3190470400][6][4][/image/jpg/25.jpg][17772]
[3190470400][7][5][/image/jpg/26.jpg][17772]
[3274397440][2][4][/image/jpg/26.jpg][17772]
[3509393152][3][5][/image/jpg/26.jpg][17772]
[3534571264][4][4][/image/jpg/28.jpg][17772]
[2896725760][7][5][/image/jpg/28.jpg][17772]
[2947081984][4][4][/image/jpg/28.jpg][17772]
[3266004736][7][5][/image/jpg/29.jpg][17772]
